ex: 4.30554
dp: 0
ht: 4.30554
wd: 4.30554
th: 4.30554
